103
104
105
104
104
105
103
103
104
104
103
103
103
103
102
103
103
103
102
104
102
103
102
102
102
102
102
102
102
101
101
101
101
100
100
102
100
99
99
100
100
99
101
101
99
100
100
100
100
99
100
100
99
99
100
100
99
98
98
99
99
99
98
98
98
98
98
97
98
98
98
97
98
98
97
97
96
97
96
97
97
96
97
96
97
97
97
96
96
96
97
96
96
96
96
95
96
95
95
94
95
95
95
96
95
95
96
95
95
95
94
94
95
94
93
94
93
93
94
94
93
94
93
94
93
93
93
94
93
93
92
91
91
92
92
91
92
92
93
93
93
92
91
91
91
92
91
92
92
90
91
90
90
91
90
89
90
91
90
90
91
90
91
91
91
90
90
90
91
89
89
89
89
90
90
90
88
90
90
89
89
89
89
89
89
87
88
88
87
88
88
88
89
87
88
89
89
87
87
88
88
88
88
88
88
87
87
87
87
87
88
86
87
87
86
86
86
87
87
86
87
87
85
85
86
85
86
86
84
86
86
86
85
86
86
86
85
86
86
85
85
86
85
83
85
86
85
83
85
84
86
85
85
85
85
83
84
84
85
84
84
84
84
84
83
84
84
83
84
83
83
84
84
83
84
83
82
82
83
83
82
81
82
82
82
82
82
82
82
81
81
82
82
81
82
81
81
81
81
82
81
81
80
82
82
81
80
82
80
82
79
81
80
81
79
80
82
81
80
79
80
79
81
79
79
81
80
80
79
81
78
79
80
80
80
79
79
78
79
79
80
79
79
79
78
79
77
78
78
79
79
78
79
77
79
78
78
78
79
77
78
77
78
77
78
77
77
78
78
78
77
78
76
77
76
76
77
77
75
78
76
75
77
76
76
76
76
77
76
76
75
75
75
75
75
76
75
76
76
75
76
75
75
76
76
77
75
76
74
75
75
76
75
75
75
74
75
76
74
74
76
75
75
75
75
75
74
75
75
75
74
74
73
74
74
74
72
74
74
74
74
73
74
73
73
73
73
72
73
73
73
72
72
71
74
72
73
72
73
73
73
73
71
71
73
71
72
73
72
72
70
71
71
71
73
72
72
73
71
72
72
72
71
73
71
71
72
71
71
70
72
70
71
72
71
71
70
71
72
72
71
72
72
71
71
71
71
71
70
71
70
71
69
70
70
69
70
69
71
71
70
69
71
69
70
70
70
69
69
69
70
70
68
70
68
68
69
69
68
69
69
69
69
69
68
69
68
70
68
69
68
68
68
68
68
67
69
68
69
67
69
69
68
69
67
67
68
68
67
67
67
68
68
66
68
68
67
67
67
67
66
69
67
68
68
68
67
67
67
67
67
67
67
67
66
68
65
67
66
67
66
67
67
67
68
67
67
67
66
67
68
67
66
66
66
67
65
65
66
66
65
65
65
66
67
66
65
66
65
64
66
64
65
64
65
66
63
65
64
64
64
63
64
65
66
66
64
66
65
65
65
66
65
64
65
64
63
64
64
64
63
64
63
64
64
65
63
63
63
63
63
64
64
65
65
64
64
64
64
63
63
64
64
62
63
63
63
64
64
63
63
63
62
62
64
62
62
62
61
62
61
62
62
61
62
63
63
63
63
63
63
63
63
61
61
62
61
62
61
62
62
62
63
61
62
62
61
62
63
63
62
60
61
62
62
61
60
60
62
61
62
62
62
62
61
63
61
62
61
60
61
61
61
61
60
60
59
61
60
61
60
61
61
62
61
61
61
62
61
61
60
59
59
59
60
59
59
59
60
60
61
59
62
62
60
59
59
60
61
59
59
60
60
60
59
60
58
59
60
60
60
61
60
60
60
61
59
59
60
60
59
58
58
58
58
58
57
59
60
59
59
60
59
60
58
59
59
58
57
58
57
59
58
58
59
58
59
60
60
59
59
59
60
60
58
59
58
57
58
57
57
57
58
56
58
58
58
57
58
60
60
59
59
58
59
57
57
57
58
55
57
57
57
55
57
58
58
58
58
58
59
58
58
57
58
58
56
57
57
57
55
56
56
55
56
58
57
58
58
57
57
56
58
57
58
57
56
57
55
55
55
56
55
55
55
57
56
58
58
56
57
57
56
56
55
56
54
55
55
56
55
55
55
55
56
55
55
55
56
56
57
56
56
55
56
54
55
55
54
53
54
54
55
54
56
57
56
57
55
55
55
54
56
55
55
54
55
53
55
53
54
54
54
55
55
55
54
54
55
54
53
54
54
53
54
54
54
54
53
53
53
55
53
54
55
55
54
55
53
54
53
53
54
53
54
53
54
53
53
53
53
53
54
55
54
54
54
53
54
53
52
53
52
53
51
54
52
53
54
54
55
53
54
53
53
53
53
54
53
52
52
51
52
52
52
53
53
53
54
53
52
53
54
53
52
53
52
53
51
51
52
52
51
53
53
54
53
52
52
52
52
52
51
52
52
52
51
51
51
51
51
51
51
51
53
51
53
52
52
52
52
51
52
52
51
52
52
52
51
51
51
51
51
52
52
52
52
51
52
51
51
51
51
51
50
51
52
50
51
51
50
52
52
52
51
51
52
52
51
51
51
31
52
51
50
49
50
50
50
50
51
51
50
50
51
52
51
50
52
51
50
49
49
50
50
50
49
50
51
50
50
50
50
51
50
50
50
51
50
49
50
50
49
49
50
49
49
51
50
49
50
50
49
51
49
49
49
49
48
48
49
48
49
49
48
50
49
51
50
49
49
48
48
50
49
50
49
48
49
47
49
49
48
48
47
49
50
48
49
50
49
49
50
50
49
49
48
49
49
49
47
49
48
49
49
48
48
49
48
48
48
48
47
48
49
49
47
48
47
47
48
47
49
48
47
50
47
47
47
48
47
48
47
49
48
48
47
47
47
47
47
48
49
49
47
47
47
48
48
48
47
48
48
48
46
47
47
47
48
49
48
47
47
49
48
47
48
46
47
48
46
47
46
47
46
46
47
47
48
48
47
47
48
47
47
47
47
48
48
47
47
47
47
46
46
47
46
48
48
46
47
47
48
46
47
47
46
47
46
47
47
46
47
47
45
46
47
47
47
46
48
47
48
47
47
47
46
45
45
47
46
45
46
45
45
46
46
47
45
45
45
45
47
45
46
46
46
45
44
46
46
45
44
45
46
45
46
45
46
45
45
46
44
45
45
45
44
46
45
45
44
45
44
45
46
46
46
47
45
45
45
46
46
45
46
44
45
45
46
45
45
45
44
43
43
45
45
45
46
45
45
44
45
46
45
44
45
44
45
45
44
